Output:
[1, 0, 5, 2, 6, 0, 3, 7, 4] h=8 moves=1
[1, 0, 5, 2, 6, 4, 3, 7, 0] h=7 moves=2
[0, 1, 5, 2, 6, 4, 3, 7, 0] h=8 moves=3
[1, 2, 3, 4, 5, 6, 7, 0, 0] h=0 moves=4
Max queue length: 6240

Solution:
[0, 1, 5, 2, 6, 4, 3, 7, 0] h=13 moves: 0
[2, 1, 5, 0, 6, 4, 3, 7, 0] h=12 moves: 1
[2, 1, 5, 3, 6, 4, 0, 7, 0] h=11 moves: 2
[2, 1, 5, 3, 6, 4, 7, 0, 0] h=10 moves: 3
[2, 1, 5, 3, 0, 4, 7, 6, 0] h=11 moves: 4
[2, 1, 5, 0, 3, 4, 7, 6, 0] h=10 moves: 5
[2, 1, 5, 0, 3, 4, 7, 0, 6] h=9 moves: 6
[0, 1, 5, 2, 3, 4, 7, 0, 6] h=10 moves: 7
[1, 0, 5, 2, 3, 4, 7, 0, 6] h=9 moves: 8
[1, 3, 5, 2, 0, 4, 7, 0, 6] h=8 moves: 9
[1, 3, 5, 2, 4, 0, 7, 0, 6] h=7 moves: 10
[1, 3, 0, 2, 4, 5, 7, 0, 6] h=6 moves: 11
[1, 0, 3, 2, 4, 5, 7, 0, 6] h=5 moves: 12
[1, 0, 3, 2, 0, 5, 7, 4, 6] h=6 moves: 13
[1, 0, 3, 0, 2, 5, 7, 4, 6] h=5 moves: 14
[1, 2, 3, 0, 0, 5, 7, 4, 6] h=4 moves: 15
[1, 2, 3, 0, 4, 5, 7, 0, 6] h=3 moves: 16
[1, 2, 3, 4, 0, 5, 7, 0, 6] h=2 moves: 17
[1, 2, 3, 4, 5, 0, 7, 0, 6] h=1 moves: 18
[1, 2, 3, 4, 5, 6, 7, 0, 0] h=0 moves: 19
Max queue length: 3065