Output:
[4, 2, 3, 1, 0, 6, 7, 0, 5] h=4 moves=1
[0, 2, 3, 4, 0, 6, 1, 7, 5] h=5 moves=2
[4, 2, 3, 0, 0, 6, 1, 7, 5] h=6 moves=3
[1, 2, 3, 4, 5, 6, 7, 0, 0] h=0 moves=4
Max queue length: 467

Solution:
[4, 2, 3, 0, 0, 6, 1, 7, 5] h=6 moves: 0
[0, 2, 3, 4, 0, 6, 1, 7, 5] h=5 moves: 1
[0, 2, 3, 0, 4, 6, 1, 7, 5] h=6 moves: 2
[0, 2, 3, 1, 4, 6, 0, 7, 5] h=5 moves: 3
[0, 2, 3, 1, 4, 6, 7, 0, 5] h=4 moves: 4
[0, 2, 3, 1, 4, 6, 7, 5, 0] h=3 moves: 5
[1, 2, 3, 0, 4, 6, 7, 5, 0] h=2 moves: 6
[1, 2, 3, 4, 0, 6, 7, 5, 0] h=1 moves: 7
[1, 2, 3, 4, 5, 6, 7, 0, 0] h=0 moves: 8
Max queue length: 81