Output:
[[ 13.          16.          10.           2.        ]
 [ 14.          17.          10.           2.        ]
 [  3.          12.          14.73091986   2.        ]
 [  0.           9.          22.09072203   2.        ]
 [  1.          10.          22.8035085    2.        ]
 [  2.          11.          23.34523506   2.        ]
 [ 20.          24.          24.53568829   2.        ]
 [  5.          15.          29.22327839   2.        ]
 [  4.          21.          30.33150178   2.        ]
 [  6.          23.          34.45286635   2.        ]
 [ 25.          26.          51.8748494    4.        ]
 [ 18.          22.          55.22680509   2.        ]
 [  7.           8.          59.21148537   2.        ]
 [ 31.          35.          63.33245613   6.        ]
 [ 33.          38.          70.87312608   8.        ]
 [ 28.          39.          82.33468285  10.        ]
 [ 29.          40.         108.76120632  12.        ]
 [ 32.          41.         108.92658078  14.        ]
 [ 36.          42.         111.67363162  16.        ]
 [ 30.          43.         157.06368135  18.        ]
 [ 34.          44.         161.72198366  20.        ]
 [ 19.          45.         188.86767855  21.        ]
 [ 27.          46.         201.66556474  23.        ]
 [ 37.          47.         206.04368469  25.        ]]

Solution:
[[ 13.          16.          10.           2.        ]
 [ 14.          17.          10.           2.        ]
 [  3.          12.          14.73091986   2.        ]
 [  0.           9.          22.09072203   2.        ]
 [  1.          10.          22.8035085    2.        ]
 [  2.          11.          23.34523506   2.        ]
 [ 20.          24.          24.53568829   2.        ]
 [  5.          15.          29.22327839   2.        ]
 [  4.          21.          30.33150178   2.        ]
 [  6.          23.          34.45286635   2.        ]
 [ 25.          26.          37.41657387   4.        ]
 [ 28.          33.          40.08740451   4.        ]
 [ 29.          32.          44.65422712   4.        ]
 [ 22.          30.          51.27377497   3.        ]
 [  7.          27.          52.31634544   3.        ]
 [ 36.          37.          55.45268253   8.        ]
 [  8.          34.          61.64414003   3.        ]
 [ 31.          35.          62.92853089   6.        ]
 [ 18.          40.          64.80740698   9.        ]
 [ 39.          41.          75.55130707   6.        ]
 [ 38.          43.          98.12746812  12.        ]
 [ 42.          45.         144.77223491  18.        ]
 [ 19.          44.         170.05587317   7.        ]
 [ 46.          47.         199.46177579  25.        ]]
