Output:
[[ 13.          16.          10.           2.        ]
 [ 14.          17.          10.           2.        ]
 [  3.          12.          14.73091986   2.        ]
 [  0.           9.          22.09072203   2.        ]
 [  1.          10.          22.8035085    2.        ]
 [  2.          11.          23.34523506   2.        ]
 [  5.          15.          29.22327839   2.        ]
 [ 18.          19.          51.8748494    4.        ]
 [  7.           8.          59.21148537   2.        ]
 [  4.          25.          87.3326972    5.        ]
 [ 21.          27.          89.86100378   7.        ]
 [ 22.          28.         106.36258741   9.        ]
 [ 24.          29.         106.53168543  11.        ]
 [ 23.          30.         154.63828763  13.        ]
 [  6.          31.         159.31101657  14.        ]
 [ 20.          32.         190.7301759   16.        ]
 [ 26.          33.         200.42454939  18.        ]]

Solution:
[[ 13.          16.          10.           2.        ]
 [ 14.          17.          10.           2.        ]
 [  3.          12.          14.73091986   2.        ]
 [  0.           9.          22.09072203   2.        ]
 [  1.          10.          22.8035085    2.        ]
 [  2.          11.          23.34523506   2.        ]
 [  5.          15.          29.22327839   2.        ]
 [  4.          21.          36.12478374   3.        ]
 [ 18.          19.          37.41657387   4.        ]
 [  6.          23.          44.11349      3.        ]
 [ 22.          24.          44.65422712   4.        ]
 [  7.          20.          52.31634544   3.        ]
 [ 25.          28.          55.45268253   7.        ]
 [  8.          29.          61.9596643    4.        ]
 [ 27.          31.          83.58229478   7.        ]
 [ 26.          30.          98.99494937  11.        ]
 [ 32.          33.         199.46177579  18.        ]]
