1. Part 1: Creating LeNet 
Unexpected keys or no keys in the returned dict.

Score for Part 1 is 0

Your output is:
{1: [tensor([[[0.1186, 0.1810, 0.0000,  ..., 0.3385, 0.0861, 0.2134],
         [0.2343, 0.3337, 0.0530,  ..., 0.1994, 0.0000, 0.2441],
         [0.0836, 0.2148, 0.0000,  ..., 0.3156, 0.0000, 0.1519],
         ...,
         [0.3538, 0.3182, 0.1480,  ..., 0.4162, 0.0000, 0.0954],
         [0.2602, 0.0928, 0.1017,  ..., 0.1128, 0.0843, 0.1079],
         [0.1240, 0.0997, 0.2427,  ..., 0.0326, 0.1217, 0.0000]],

        [[0.1717, 0.0960, 0.1477,  ..., 0.0030, 0.3396, 0.1454],
         [0.3711, 0.0238, 0.3929,  ..., 0.4559, 0.1978, 0.3185],
         [0.1474, 0.2479, 0.2355,  ..., 0.0197, 0.2107, 0.2240],
         ...,
         [0.1531, 0.0577, 0.3082,  ..., 0.0370, 0.3627, 0.0482],
         [0.0802, 0.3554, 0.3501,  ..., 0.2649, 0.0618, 0.0467],
         [0.1648, 0.0875, 0.1038,  ..., 0.3099, 0.1726, 0.3226]],

        [[0.2876, 0.3331, 0.3694,  ..., 0.2222, 0.1832, 0.2117],
         [0.2728, 0.0891, 0.2778,  ..., 0.1813, 0.0464, 0.1071],
         [0.0000, 0.0000, 0.0785,  ..., 0.3194, 0.0853, 0.0000],
         ...,
         [0.1945, 0.1399, 0.0829,  ..., 0.0377, 0.1570, 0.0828],
         [0.1256, 0.1541, 0.2172,  ..., 0.3012, 0.1932, 0.1274],
         [0.0000, 0.0878, 0.0000,  ..., 0.1223, 0.1701, 0.2671]],

        [[0.6963, 0.7006, 0.5000,  ..., 0.6487, 0.7204, 0.6262],
         [0.6459, 0.7003, 0.6925,  ..., 0.5647, 0.4098, 0.5801],
         [0.6756, 0.8709, 0.8036,  ..., 0.7332, 0.5304, 0.4931],
         ...,
         [0.5221, 0.4939, 0.6197,  ..., 0.8018, 0.5140, 0.7623],
         [0.7268, 0.5191, 0.5804,  ..., 0.6189, 0.5603, 0.5183],
         [0.5266, 0.5000, 0.6231,  ..., 0.6934, 0.7856, 0.6923]],

        [[0.0000, 0.0000, 0.0000,  ..., 0.0000, 0.0000, 0.0000],
         [0.0000, 0.0000, 0.0000,  ..., 0.0000, 0.0000, 0.0000],
         [0.0000, 0.0000, 0.0000,  ..., 0.0000, 0.0000, 0.0000],
         ...,
         [0.0000, 0.0000, 0.0000,  ..., 0.0000, 0.0000, 0.0000],
         [0.0000, 0.0000, 0.0000,  ..., 0.0000, 0.0000, 0.0000],
         [0.0000, 0.0000, 0.0000,  ..., 0.0000, 0.0000, 0.0000]],

        [[0.0382, 0.1142, 0.0381,  ..., 0.1048, 0.0000, 0.2409],
         [0.1737, 0.1921, 0.0000,  ..., 0.2143, 0.2307, 0.2357],
         [0.0689, 0.0000, 0.1883,  ..., 0.1503, 0.1735, 0.1636],
         ...,
         [0.0658, 0.1168, 0.0628,  ..., 0.2756, 0.1731, 0.2167],
         [0.4830, 0.1605, 0.1918,  ..., 0.0574, 0.0000, 0.0396],
         [0.1585, 0.0313, 0.1552,  ..., 0.1860, 0.1228, 0.3368]]],
       grad_fn=<UnbindBackward0>), tensor([[[0.2743, 0.0693, 0.0141,  ..., 0.3485, 0.1818, 0.1361],
         [0.3452, 0.0287, 0.2147,  ..., 0.2083, 0.1236, 0.0094],
         [0.1004, 0.3453, 0.3130,  ..., 0.0000, 0.1270, 0.0396],
         ...,
         [0.1790, 0.1177, 0.2155,  ..., 0.0168, 0.2663, 0.2969],
         [0.2838, 0.2993, 0.0737,  ..., 0.1545, 0.0000, 0.0000],
         [0.2367, 0.1615, 0.1491,  ..., 0.1166, 0.5032, 0.0946]],

        [[0.1115, 0.0110, 0.0778,  ..., 0.2929, 0.1127, 0.1326],
         [0.2327, 0.0729, 0.1912,  ..., 0.0725, 0.2123, 0.0773],
         [0.2528, 0.1568, 0.0707,  ..., 0.2573, 0.0000, 0.1973],
         ...,
         [0.2452, 0.0935, 0.1126,  ..., 0.2080, 0.5031, 0.4094],
         [0.1949, 0.3497, 0.0940,  ..., 0.1787, 0.2128, 0.1742],
         [0.4212, 0.3044, 0.2930,  ..., 0.0348, 0.3148, 0.1593]],

        [[0.2393, 0.1838, 0.1036,  ..., 0.1312, 0.1089, 0.0958],
         [0.3941, 0.2398, 0.2171,  ..., 0.1417, 0.4622, 0.0162],
         [0.2700, 0.1883, 0.0720,  ..., 0.3037, 0.3208, 0.0600],
         ...,
         [0.2047, 0.1710, 0.0000,  ..., 0.0877, 0.3134, 0.1308],
         [0.2951, 0.0900, 0.3179,  ..., 0.0000, 0.1735, 0.1063],
         [0.2542, 0.3603, 0.2309,  ..., 0.0360, 0.0454, 0.1699]],

        [[0.4631, 0.5479, 0.4705,  ..., 0.7198, 0.6024, 0.7291],
         [0.6579, 0.6387, 0.6154,  ..., 0.5817, 0.6957, 0.7096],
         [0.5972, 0.6819, 0.8377,  ..., 0.5805, 0.7066, 0.6827],
         ...,
         [0.6440, 0.6152, 0.5922,  ..., 0.5837, 0.7771, 0.6572],
         [0.6915, 0.6873, 0.5340,  ..., 0.6674, 0.5894, 0.6778],
         [0.5397, 0.7852, 0.5911,  ..., 0.4843, 0.6638, 0.8340]],

        [[0.0000, 0.0000, 0.0000,  ..., 0.0000, 0.0000, 0.0000],
         [0.0000, 0.0000, 0.0000,  ..., 0.0000, 0.0000, 0.0000],
         [0.0000, 0.0000, 0.0000,  ..., 0.0000, 0.0000, 0.0000],
         ...,
         [0.0117, 0.0000, 0.0000,  ..., 0.0000, 0.0000, 0.0000],
         [0.0000, 0.0000, 0.0000,  ..., 0.0000, 0.0000, 0.0000],
         [0.0000, 0.0000, 0.0000,  ..., 0.0000, 0.0000, 0.0000]],

        [[0.2753, 0.0000, 0.3181,  ..., 0.2600, 0.2359, 0.0686],
         [0.0581, 0.1546, 0.0534,  ..., 0.0604, 0.2092, 0.1750],
         [0.2085, 0.1766, 0.3320,  ..., 0.1581, 0.1499, 0.0000],
         ...,
         [0.2540, 0.0169, 0.1468,  ..., 0.0717, 0.0997, 0.2602],
         [0.0658, 0.2078, 0.0492,  ..., 0.2444, 0.0776, 0.0709],
         [0.3324, 0.3753, 0.3034,  ..., 0.1844, 0.0540, 0.1928]]],
       grad_fn=<UnbindBackward0>)], 2: [tensor([[[0.0000, 0.0000, 0.0000, 0.0000, 0.1011],
         [0.0000, 0.0489, 0.0212, 0.0345, 0.0395],
         [0.0000, 0.0000, 0.0000, 0.0000, 0.0074],
         [0.0546, 0.0009, 0.0000, 0.0456, 0.0000],
         [0.0426, 0.0074, 0.0000, 0.0147, 0.0597]],

        [[0.0000, 0.0000, 0.0000, 0.0000, 0.0000],
         [0.0000, 0.0118, 0.0000, 0.0000, 0.0000],
         [0.0000, 0.0272, 0.0000, 0.0000, 0.0000],
         [0.0000, 0.0000, 0.0000, 0.0000, 0.0000],
         [0.0000, 0.0000, 0.0000, 0.0000, 0.0132]],

        [[0.0000, 0.0000, 0.0000, 0.0000, 0.0000],
         [0.0000, 0.0000, 0.0000, 0.0000, 0.0000],
         [0.0000, 0.0000, 0.0000, 0.0325, 0.0000],
         [0.0000, 0.0000, 0.0000, 0.0000, 0.0000],
         [0.0000, 0.0000, 0.0000, 0.0000, 0.0000]],

        [[0.0000, 0.0000, 0.0000, 0.0000, 0.0000],
         [0.0000, 0.0000, 0.0000, 0.0000, 0.0000],
         [0.0000, 0.0000, 0.0000, 0.0000, 0.0000],
         [0.0000, 0.0000, 0.0000, 0.0000, 0.0000],
         [0.0000, 0.0000, 0.0000, 0.0000, 0.0000]],

        [[0.2250, 0.1563, 0.2649, 0.2011, 0.2345],
         [0.2746, 0.2997, 0.2571, 0.1807, 0.3083],
         [0.1929, 0.3054, 0.2638, 0.2561, 0.2346],
         [0.2262, 0.2775, 0.1846, 0.2474, 0.2401],
         [0.2861, 0.1786, 0.1616, 0.2472, 0.2061]],

        [[0.0179, 0.0000, 0.0000, 0.0000, 0.0828],
         [0.0855, 0.0000, 0.0000, 0.0360, 0.0217],
         [0.0304, 0.0641, 0.0000, 0.0176, 0.0000],
         [0.0264, 0.0548, 0.0000, 0.0005, 0.0000],
         [0.0106, 0.0327, 0.0000, 0.0000, 0.0171]],

        [[0.1907, 0.2346, 0.1884, 0.1857, 0.2736],
         [0.1297, 0.1691, 0.1100, 0.1774, 0.1890],
         [0.1953, 0.1598, 0.2217, 0.1003, 0.2034],
         [0.2225, 0.0571, 0.1933, 0.1963, 0.1731],
         [0.1185, 0.1457, 0.2119, 0.2524, 0.1213]],

        [[0.0000, 0.0000, 0.0000, 0.0000, 0.0000],
         [0.0000, 0.0000, 0.0000, 0.0000, 0.0000],
         [0.0000, 0.0000, 0.0000, 0.0000, 0.0000],
         [0.0000, 0.0000, 0.0000, 0.0000, 0.0000],
         [0.0000, 0.0000, 0.0000, 0.0000, 0.0000]],

        [[0.1462, 0.2635, 0.1633, 0.2495, 0.1823],
         [0.2188, 0.1885, 0.1616, 0.1600, 0.2127],
         [0.1300, 0.1819, 0.1685, 0.2976, 0.1706],
         [0.1265, 0.1425, 0.2056, 0.2748, 0.2595],
         [0.1235, 0.1435, 0.1838, 0.1450, 0.1768]],

        [[0.1180, 0.0560, 0.1469, 0.0865, 0.0639],
         [0.0849, 0.1437, 0.1263, 0.1195, 0.1306],
         [0.0929, 0.1453, 0.1356, 0.1464, 0.1448],
         [0.1042, 0.1026, 0.1584, 0.0658, 0.1248],
         [0.0734, 0.1108, 0.1686, 0.0996, 0.1355]],

        [[0.0000, 0.0000, 0.0000, 0.0000, 0.0000],
         [0.0000, 0.0000, 0.0000, 0.0000, 0.0000],
         [0.0000, 0.0000, 0.0000, 0.0000, 0.0000],
         [0.0000, 0.0000, 0.0000, 0.0000, 0.0000],
         [0.0000, 0.0000, 0.0000, 0.0000, 0.0000]],

        [[0.0000, 0.0000, 0.0000, 0.0000, 0.0000],
         [0.0000, 0.0000, 0.0000, 0.0000, 0.0000],
         [0.0000, 0.0000, 0.0000, 0.0000, 0.0000],
         [0.0000, 0.0000, 0.0000, 0.0000, 0.0000],
         [0.0000, 0.0000, 0.0000, 0.0000, 0.0000]],

        [[0.0873, 0.1027, 0.1054, 0.0576, 0.0221],
         [0.0307, 0.0456, 0.1085, 0.1050, 0.0725],
         [0.0885, 0.0029, 0.0833, 0.0772, 0.0554],
         [0.0405, 0.1353, 0.0307, 0.1075, 0.1233],
         [0.0433, 0.0544, 0.1045, 0.1399, 0.1537]],

        [[0.1228, 0.1030, 0.1640, 0.1354, 0.1032],
         [0.1506, 0.1760, 0.2630, 0.2005, 0.1304],
         [0.1890, 0.1016, 0.2237, 0.2149, 0.1445],
         [0.1199, 0.1207, 0.1794, 0.1643, 0.1969],
         [0.1171, 0.1590, 0.1858, 0.1950, 0.1345]],

        [[0.1482, 0.0788, 0.1022, 0.1292, 0.0205],
         [0.0000, 0.0761, 0.1569, 0.1370, 0.0977],
         [0.0376, 0.0850, 0.0805, 0.1214, 0.0434],
         [0.0102, 0.0612, 0.1254, 0.1100, 0.1089],
         [0.0443, 0.0636, 0.1423, 0.1297, 0.1286]],

        [[0.0000, 0.0000, 0.0000, 0.0000, 0.0166],
         [0.0199, 0.0258, 0.0031, 0.0000, 0.0000],
         [0.0000, 0.0000, 0.0000, 0.0435, 0.0000],
         [0.0000, 0.0000, 0.0000, 0.0000, 0.0333],
         [0.0000, 0.0000, 0.0158, 0.0000, 0.0000]]], grad_fn=<UnbindBackward0>), tensor([[[2.8330e-03, 3.9848e-02, 5.6782e-02, 1.0805e-02, 1.6898e-03],
         [0.0000e+00, 0.0000e+00, 7.2878e-02, 4.5093e-02, 3.5171e-02],
         [0.0000e+00, 8.0353e-02, 3.5255e-02, 9.1659e-03, 4.9304e-02],
         [0.0000e+00, 2.8285e-02, 2.4445e-02, 8.3144e-03, 0.0000e+00],
         [2.8379e-02, 4.0407e-02, 2.7816e-02, 2.3940e-02, 0.0000e+00]],

        [[0.0000e+00, 0.0000e+00, 0.0000e+00, 0.0000e+00, 0.0000e+00],
         [0.0000e+00, 0.0000e+00, 0.0000e+00, 0.0000e+00, 0.0000e+00],
         [0.0000e+00, 0.0000e+00, 0.0000e+00, 0.0000e+00, 4.8872e-02],
         [0.0000e+00, 0.0000e+00, 0.0000e+00, 0.0000e+00, 0.0000e+00],
         [9.0121e-03, 1.4862e-02, 0.0000e+00, 0.0000e+00, 3.9793e-02]],

        [[0.0000e+00, 0.0000e+00, 0.0000e+00, 0.0000e+00, 0.0000e+00],
         [0.0000e+00, 0.0000e+00, 0.0000e+00, 0.0000e+00, 0.0000e+00],
         [0.0000e+00, 0.0000e+00, 0.0000e+00, 0.0000e+00, 0.0000e+00],
         [0.0000e+00, 0.0000e+00, 0.0000e+00, 0.0000e+00, 0.0000e+00],
         [0.0000e+00, 0.0000e+00, 0.0000e+00, 0.0000e+00, 0.0000e+00]],

        [[0.0000e+00, 0.0000e+00, 0.0000e+00, 0.0000e+00, 0.0000e+00],
         [0.0000e+00, 0.0000e+00, 0.0000e+00, 0.0000e+00, 0.0000e+00],
         [0.0000e+00, 0.0000e+00, 0.0000e+00, 0.0000e+00, 0.0000e+00],
         [0.0000e+00, 0.0000e+00, 0.0000e+00, 0.0000e+00, 0.0000e+00],
         [0.0000e+00, 0.0000e+00, 0.0000e+00, 0.0000e+00, 0.0000e+00]],

        [[3.1260e-01, 2.2694e-01, 1.9325e-01, 2.2620e-01, 2.0893e-01],
         [2.0641e-01, 1.5964e-01, 2.3011e-01, 1.9230e-01, 2.2223e-01],
         [1.3206e-01, 2.0500e-01, 1.9645e-01, 2.3092e-01, 2.7105e-01],
         [2.8322e-01, 2.6090e-01, 2.7168e-01, 2.2074e-01, 2.5600e-01],
         [2.9443e-01, 2.4078e-01, 2.2102e-01, 2.6437e-01, 2.5027e-01]],

        [[0.0000e+00, 4.8450e-02, 3.2666e-02, 7.5281e-02, 0.0000e+00],
         [6.0316e-03, 0.0000e+00, 1.6921e-02, 3.8180e-02, 0.0000e+00],
         [0.0000e+00, 2.4044e-02, 0.0000e+00, 0.0000e+00, 1.1835e-01],
         [2.4978e-02, 2.7430e-02, 9.1708e-03, 4.0016e-02, 4.7361e-02],
         [0.0000e+00, 3.4339e-02, 0.0000e+00, 2.6554e-02, 1.1249e-02]],

        [[1.5897e-01, 1.8193e-01, 2.5584e-01, 2.2347e-01, 1.4836e-01],
         [1.0615e-01, 1.9517e-01, 1.9934e-01, 2.2429e-01, 1.4911e-01],
         [1.6683e-01, 2.0436e-01, 1.0717e-01, 1.6994e-01, 1.3618e-01],
         [1.0364e-01, 1.7069e-01, 7.2159e-02, 1.4828e-01, 1.9395e-01],
         [1.4755e-01, 1.8865e-01, 1.5434e-01, 1.2212e-01, 2.1897e-01]],

        [[0.0000e+00, 0.0000e+00, 0.0000e+00, 0.0000e+00, 0.0000e+00],
         [0.0000e+00, 0.0000e+00, 0.0000e+00, 0.0000e+00, 0.0000e+00],
         [0.0000e+00, 0.0000e+00, 0.0000e+00, 0.0000e+00, 0.0000e+00],
         [0.0000e+00, 0.0000e+00, 0.0000e+00, 0.0000e+00, 0.0000e+00],
         [0.0000e+00, 0.0000e+00, 0.0000e+00, 0.0000e+00, 0.0000e+00]],

        [[1.8055e-01, 2.2252e-01, 2.0439e-01, 2.4892e-01, 1.2604e-01],
         [2.2496e-01, 2.0997e-01, 1.2628e-01, 1.8839e-01, 1.4998e-01],
         [1.8965e-01, 1.6280e-01, 2.4910e-01, 1.5873e-01, 1.5460e-01],
         [2.5942e-01, 1.8704e-01, 1.3199e-01, 1.7643e-01, 1.5151e-01],
         [1.6853e-01, 2.3795e-01, 9.6261e-02, 1.8410e-01, 2.5828e-01]],

        [[6.7958e-02, 1.4556e-01, 1.8001e-01, 1.2639e-01, 1.7614e-01],
         [2.0010e-01, 1.0765e-01, 1.6226e-01, 1.1887e-01, 7.3942e-02],
         [1.0119e-01, 1.2760e-01, 2.1489e-01, 7.6884e-02, 1.2871e-01],
         [5.1248e-02, 8.9548e-02, 1.7792e-01, 1.0588e-01, 5.6006e-02],
         [9.6681e-02, 1.0201e-01, 1.5055e-01, 1.2272e-01, 6.8963e-02]],

        [[0.0000e+00, 0.0000e+00, 0.0000e+00, 0.0000e+00, 0.0000e+00],
         [0.0000e+00, 0.0000e+00, 0.0000e+00, 1.4156e-02, 0.0000e+00],
         [0.0000e+00, 0.0000e+00, 1.3746e-02, 7.0920e-05, 0.0000e+00],
         [0.0000e+00, 0.0000e+00, 0.0000e+00, 0.0000e+00, 0.0000e+00],
         [0.0000e+00, 0.0000e+00, 0.0000e+00, 0.0000e+00, 0.0000e+00]],

        [[0.0000e+00, 0.0000e+00, 0.0000e+00, 0.0000e+00, 0.0000e+00],
         [0.0000e+00, 0.0000e+00, 0.0000e+00, 0.0000e+00, 0.0000e+00],
         [0.0000e+00, 0.0000e+00, 0.0000e+00, 0.0000e+00, 0.0000e+00],
         [0.0000e+00, 0.0000e+00, 0.0000e+00, 0.0000e+00, 0.0000e+00],
         [0.0000e+00, 0.0000e+00, 0.0000e+00, 0.0000e+00, 0.0000e+00]],

        [[7.0365e-02, 7.5781e-02, 4.8399e-02, 1.0527e-02, 8.5653e-02],
         [1.0181e-02, 7.0836e-02, 9.5972e-02, 1.9851e-01, 1.0390e-01],
         [8.6688e-02, 9.9794e-02, 6.6708e-02, 1.4374e-01, 7.2265e-02],
         [3.0617e-02, 5.2531e-02, 1.2192e-01, 2.9807e-02, 5.1979e-02],
         [4.8204e-02, 1.1175e-01, 1.0793e-01, 7.8032e-02, 2.3291e-02]],

        [[1.5923e-01, 1.2714e-01, 1.3241e-01, 1.4994e-01, 1.7949e-01],
         [1.9566e-01, 2.0852e-01, 1.6236e-01, 1.3265e-01, 1.1959e-01],
         [1.6478e-01, 1.2354e-01, 1.2988e-01, 1.2510e-01, 1.6650e-01],
         [1.5403e-01, 1.6956e-01, 1.7187e-01, 1.5517e-01, 1.3395e-01],
         [1.4089e-01, 1.0380e-01, 1.8813e-01, 1.5694e-01, 1.9154e-01]],

        [[1.2755e-01, 1.5448e-02, 7.1905e-02, 2.7720e-02, 8.2537e-02],
         [9.0485e-02, 1.3442e-01, 4.3978e-02, 1.3820e-01, 1.0464e-01],
         [1.6376e-01, 1.3296e-01, 1.0480e-01, 5.0917e-02, 6.6889e-02],
         [9.6406e-02, 1.1063e-01, 7.5539e-02, 1.0205e-01, 1.9947e-02],
         [1.4046e-01, 1.0145e-01, 3.0170e-02, 2.2992e-02, 4.1453e-02]],

        [[9.4500e-02, 0.0000e+00, 8.4496e-02, 0.0000e+00, 0.0000e+00],
         [1.5985e-02, 2.2271e-02, 8.9413e-03, 0.0000e+00, 0.0000e+00],
         [0.0000e+00, 0.0000e+00, 0.0000e+00, 5.1404e-02, 0.0000e+00],
         [1.8853e-02, 9.0573e-03, 0.0000e+00, 9.3621e-03, 0.0000e+00],
         [0.0000e+00, 0.0000e+00, 0.0000e+00, 4.4532e-02, 6.9939e-03]]],
       grad_fn=<UnbindBackward0>)], 3: [tensor([0.0000, 0.0000, 0.0000, 0.0000, 0.1011, 0.0000, 0.0489, 0.0212, 0.0345,
        0.0395, 0.0000, 0.0000, 0.0000, 0.0000, 0.0074, 0.0546, 0.0009, 0.0000,
        0.0456, 0.0000, 0.0426, 0.0074, 0.0000, 0.0147, 0.0597, 0.0000, 0.0000,
        0.0000, 0.0000, 0.0000, 0.0000, 0.0118, 0.0000, 0.0000, 0.0000, 0.0000,
        0.0272, 0.0000, 0.0000, 0.0000, 0.0000, 0.0000, 0.0000, 0.0000, 0.0000,
        0.0000, 0.0000, 0.0000, 0.0000, 0.0132, 0.0000, 0.0000, 0.0000, 0.0000,
        0.0000, 0.0000, 0.0000, 0.0000, 0.0000, 0.0000, 0.0000, 0.0000, 0.0000,
        0.0325, 0.0000, 0.0000, 0.0000, 0.0000, 0.0000, 0.0000, 0.0000, 0.0000,
        0.0000, 0.0000, 0.0000, 0.0000, 0.0000, 0.0000, 0.0000, 0.0000, 0.0000,
        0.0000, 0.0000, 0.0000, 0.0000, 0.0000, 0.0000, 0.0000, 0.0000, 0.0000,
        0.0000, 0.0000, 0.0000, 0.0000, 0.0000, 0.0000, 0.0000, 0.0000, 0.0000,
        0.0000, 0.2250, 0.1563, 0.2649, 0.2011, 0.2345, 0.2746, 0.2997, 0.2571,
        0.1807, 0.3083, 0.1929, 0.3054, 0.2638, 0.2561, 0.2346, 0.2262, 0.2775,
        0.1846, 0.2474, 0.2401, 0.2861, 0.1786, 0.1616, 0.2472, 0.2061, 0.0179,
        0.0000, 0.0000, 0.0000, 0.0828, 0.0855, 0.0000, 0.0000, 0.0360, 0.0217,
        0.0304, 0.0641, 0.0000, 0.0176, 0.0000, 0.0264, 0.0548, 0.0000, 0.0005,
        0.0000, 0.0106, 0.0327, 0.0000, 0.0000, 0.0171, 0.1907, 0.2346, 0.1884,
        0.1857, 0.2736, 0.1297, 0.1691, 0.1100, 0.1774, 0.1890, 0.1953, 0.1598,
        0.2217, 0.1003, 0.2034, 0.2225, 0.0571, 0.1933, 0.1963, 0.1731, 0.1185,
        0.1457, 0.2119, 0.2524, 0.1213, 0.0000, 0.0000, 0.0000, 0.0000, 0.0000,
        0.0000, 0.0000, 0.0000, 0.0000, 0.0000, 0.0000, 0.0000, 0.0000, 0.0000,
        0.0000, 0.0000, 0.0000, 0.0000, 0.0000, 0.0000, 0.0000, 0.0000, 0.0000,
        0.0000, 0.0000, 0.1462, 0.2635, 0.1633, 0.2495, 0.1823, 0.2188, 0.1885,
        0.1616, 0.1600, 0.2127, 0.1300, 0.1819, 0.1685, 0.2976, 0.1706, 0.1265,
        0.1425, 0.2056, 0.2748, 0.2595, 0.1235, 0.1435, 0.1838, 0.1450, 0.1768,
        0.1180, 0.0560, 0.1469, 0.0865, 0.0639, 0.0849, 0.1437, 0.1263, 0.1195,
        0.1306, 0.0929, 0.1453, 0.1356, 0.1464, 0.1448, 0.1042, 0.1026, 0.1584,
        0.0658, 0.1248, 0.0734, 0.1108, 0.1686, 0.0996, 0.1355, 0.0000, 0.0000,
        0.0000, 0.0000, 0.0000, 0.0000, 0.0000, 0.0000, 0.0000, 0.0000, 0.0000,
        0.0000, 0.0000, 0.0000, 0.0000, 0.0000, 0.0000, 0.0000, 0.0000, 0.0000,
        0.0000, 0.0000, 0.0000, 0.0000, 0.0000, 0.0000, 0.0000, 0.0000, 0.0000,
        0.0000, 0.0000, 0.0000, 0.0000, 0.0000, 0.0000, 0.0000, 0.0000, 0.0000,
        0.0000, 0.0000, 0.0000, 0.0000, 0.0000, 0.0000, 0.0000, 0.0000, 0.0000,
        0.0000, 0.0000, 0.0000, 0.0873, 0.1027, 0.1054, 0.0576, 0.0221, 0.0307,
        0.0456, 0.1085, 0.1050, 0.0725, 0.0885, 0.0029, 0.0833, 0.0772, 0.0554,
        0.0405, 0.1353, 0.0307, 0.1075, 0.1233, 0.0433, 0.0544, 0.1045, 0.1399,
        0.1537, 0.1228, 0.1030, 0.1640, 0.1354, 0.1032, 0.1506, 0.1760, 0.2630,
        0.2005, 0.1304, 0.1890, 0.1016, 0.2237, 0.2149, 0.1445, 0.1199, 0.1207,
        0.1794, 0.1643, 0.1969, 0.1171, 0.1590, 0.1858, 0.1950, 0.1345, 0.1482,
        0.0788, 0.1022, 0.1292, 0.0205, 0.0000, 0.0761, 0.1569, 0.1370, 0.0977,
        0.0376, 0.0850, 0.0805, 0.1214, 0.0434, 0.0102, 0.0612, 0.1254, 0.1100,
        0.1089, 0.0443, 0.0636, 0.1423, 0.1297, 0.1286, 0.0000, 0.0000, 0.0000,
        0.0000, 0.0166, 0.0199, 0.0258, 0.0031, 0.0000, 0.0000, 0.0000, 0.0000,
        0.0000, 0.0435, 0.0000, 0.0000, 0.0000, 0.0000, 0.0000, 0.0333, 0.0000,
        0.0000, 0.0158, 0.0000, 0.0000], grad_fn=<UnbindBackward0>), tensor([2.8330e-03, 3.9848e-02, 5.6782e-02, 1.0805e-02, 1.6898e-03, 0.0000e+00,
        0.0000e+00, 7.2878e-02, 4.5093e-02, 3.5171e-02, 0.0000e+00, 8.0353e-02,
        3.5255e-02, 9.1659e-03, 4.9304e-02, 0.0000e+00, 2.8285e-02, 2.4445e-02,
        8.3144e-03, 0.0000e+00, 2.8379e-02, 4.0407e-02, 2.7816e-02, 2.3940e-02,
        0.0000e+00, 0.0000e+00, 0.0000e+00, 0.0000e+00, 0.0000e+00, 0.0000e+00,
        0.0000e+00, 0.0000e+00, 0.0000e+00, 0.0000e+00, 0.0000e+00, 0.0000e+00,
        0.0000e+00, 0.0000e+00, 0.0000e+00, 4.8872e-02, 0.0000e+00, 0.0000e+00,
        0.0000e+00, 0.0000e+00, 0.0000e+00, 9.0121e-03, 1.4862e-02, 0.0000e+00,
        0.0000e+00, 3.9793e-02, 0.0000e+00, 0.0000e+00, 0.0000e+00, 0.0000e+00,
        0.0000e+00, 0.0000e+00, 0.0000e+00, 0.0000e+00, 0.0000e+00, 0.0000e+00,
        0.0000e+00, 0.0000e+00, 0.0000e+00, 0.0000e+00, 0.0000e+00, 0.0000e+00,
        0.0000e+00, 0.0000e+00, 0.0000e+00, 0.0000e+00, 0.0000e+00, 0.0000e+00,
        0.0000e+00, 0.0000e+00, 0.0000e+00, 0.0000e+00, 0.0000e+00, 0.0000e+00,
        0.0000e+00, 0.0000e+00, 0.0000e+00, 0.0000e+00, 0.0000e+00, 0.0000e+00,
        0.0000e+00, 0.0000e+00, 0.0000e+00, 0.0000e+00, 0.0000e+00, 0.0000e+00,
        0.0000e+00, 0.0000e+00, 0.0000e+00, 0.0000e+00, 0.0000e+00, 0.0000e+00,
        0.0000e+00, 0.0000e+00, 0.0000e+00, 0.0000e+00, 3.1260e-01, 2.2694e-01,
        1.9325e-01, 2.2620e-01, 2.0893e-01, 2.0641e-01, 1.5964e-01, 2.3011e-01,
        1.9230e-01, 2.2223e-01, 1.3206e-01, 2.0500e-01, 1.9645e-01, 2.3092e-01,
        2.7105e-01, 2.8322e-01, 2.6090e-01, 2.7168e-01, 2.2074e-01, 2.5600e-01,
        2.9443e-01, 2.4078e-01, 2.2102e-01, 2.6437e-01, 2.5027e-01, 0.0000e+00,
        4.8450e-02, 3.2666e-02, 7.5281e-02, 0.0000e+00, 6.0316e-03, 0.0000e+00,
        1.6921e-02, 3.8180e-02, 0.0000e+00, 0.0000e+00, 2.4044e-02, 0.0000e+00,
        0.0000e+00, 1.1835e-01, 2.4978e-02, 2.7430e-02, 9.1708e-03, 4.0016e-02,
        4.7361e-02, 0.0000e+00, 3.4339e-02, 0.0000e+00, 2.6554e-02, 1.1249e-02,
        1.5897e-01, 1.8193e-01, 2.5584e-01, 2.2347e-01, 1.4836e-01, 1.0615e-01,
        1.9517e-01, 1.9934e-01, 2.2429e-01, 1.4911e-01, 1.6683e-01, 2.0436e-01,
        1.0717e-01, 1.6994e-01, 1.3618e-01, 1.0364e-01, 1.7069e-01, 7.2159e-02,
        1.4828e-01, 1.9395e-01, 1.4755e-01, 1.8865e-01, 1.5434e-01, 1.2212e-01,
        2.1897e-01, 0.0000e+00, 0.0000e+00, 0.0000e+00, 0.0000e+00, 0.0000e+00,
        0.0000e+00, 0.0000e+00, 0.0000e+00, 0.0000e+00, 0.0000e+00, 0.0000e+00,
        0.0000e+00, 0.0000e+00, 0.0000e+00, 0.0000e+00, 0.0000e+00, 0.0000e+00,
        0.0000e+00, 0.0000e+00, 0.0000e+00, 0.0000e+00, 0.0000e+00, 0.0000e+00,
        0.0000e+00, 0.0000e+00, 1.8055e-01, 2.2252e-01, 2.0439e-01, 2.4892e-01,
        1.2604e-01, 2.2496e-01, 2.0997e-01, 1.2628e-01, 1.8839e-01, 1.4998e-01,
        1.8965e-01, 1.6280e-01, 2.4910e-01, 1.5873e-01, 1.5460e-01, 2.5942e-01,
        1.8704e-01, 1.3199e-01, 1.7643e-01, 1.5151e-01, 1.6853e-01, 2.3795e-01,
        9.6261e-02, 1.8410e-01, 2.5828e-01, 6.7958e-02, 1.4556e-01, 1.8001e-01,
        1.2639e-01, 1.7614e-01, 2.0010e-01, 1.0765e-01, 1.6226e-01, 1.1887e-01,
        7.3942e-02, 1.0119e-01, 1.2760e-01, 2.1489e-01, 7.6884e-02, 1.2871e-01,
        5.1248e-02, 8.9548e-02, 1.7792e-01, 1.0588e-01, 5.6006e-02, 9.6681e-02,
        1.0201e-01, 1.5055e-01, 1.2272e-01, 6.8963e-02, 0.0000e+00, 0.0000e+00,
        0.0000e+00, 0.0000e+00, 0.0000e+00, 0.0000e+00, 0.0000e+00, 0.0000e+00,
        1.4156e-02, 0.0000e+00, 0.0000e+00, 0.0000e+00, 1.3746e-02, 7.0920e-05,
        0.0000e+00, 0.0000e+00, 0.0000e+00, 0.0000e+00, 0.0000e+00, 0.0000e+00,
        0.0000e+00, 0.0000e+00, 0.0000e+00, 0.0000e+00, 0.0000e+00, 0.0000e+00,
        0.0000e+00, 0.0000e+00, 0.0000e+00, 0.0000e+00, 0.0000e+00, 0.0000e+00,
        0.0000e+00, 0.0000e+00, 0.0000e+00, 0.0000e+00, 0.0000e+00, 0.0000e+00,
        0.0000e+00, 0.0000e+00, 0.0000e+00, 0.0000e+00, 0.0000e+00, 0.0000e+00,
        0.0000e+00, 0.0000e+00, 0.0000e+00, 0.0000e+00, 0.0000e+00, 0.0000e+00,
        7.0365e-02, 7.5781e-02, 4.8399e-02, 1.0527e-02, 8.5653e-02, 1.0181e-02,
        7.0836e-02, 9.5972e-02, 1.9851e-01, 1.0390e-01, 8.6688e-02, 9.9794e-02,
        6.6708e-02, 1.4374e-01, 7.2265e-02, 3.0617e-02, 5.2531e-02, 1.2192e-01,
        2.9807e-02, 5.1979e-02, 4.8204e-02, 1.1175e-01, 1.0793e-01, 7.8032e-02,
        2.3291e-02, 1.5923e-01, 1.2714e-01, 1.3241e-01, 1.4994e-01, 1.7949e-01,
        1.9566e-01, 2.0852e-01, 1.6236e-01, 1.3265e-01, 1.1959e-01, 1.6478e-01,
        1.2354e-01, 1.2988e-01, 1.2510e-01, 1.6650e-01, 1.5403e-01, 1.6956e-01,
        1.7187e-01, 1.5517e-01, 1.3395e-01, 1.4089e-01, 1.0380e-01, 1.8813e-01,
        1.5694e-01, 1.9154e-01, 1.2755e-01, 1.5448e-02, 7.1905e-02, 2.7720e-02,
        8.2537e-02, 9.0485e-02, 1.3442e-01, 4.3978e-02, 1.3820e-01, 1.0464e-01,
        1.6376e-01, 1.3296e-01, 1.0480e-01, 5.0917e-02, 6.6889e-02, 9.6406e-02,
        1.1063e-01, 7.5539e-02, 1.0205e-01, 1.9947e-02, 1.4046e-01, 1.0145e-01,
        3.0170e-02, 2.2992e-02, 4.1453e-02, 9.4500e-02, 0.0000e+00, 8.4496e-02,
        0.0000e+00, 0.0000e+00, 1.5985e-02, 2.2271e-02, 8.9413e-03, 0.0000e+00,
        0.0000e+00, 0.0000e+00, 0.0000e+00, 0.0000e+00, 5.1404e-02, 0.0000e+00,
        1.8853e-02, 9.0573e-03, 0.0000e+00, 9.3621e-03, 0.0000e+00, 0.0000e+00,
        0.0000e+00, 0.0000e+00, 4.4532e-02, 6.9939e-03],
       grad_fn=<UnbindBackward0>)], 4: [tensor([0.0485, 0.0577, 0.0000, 0.0030, 0.0140, 0.0000, 0.0000, 0.0000, 0.0000,
        0.0175, 0.0000, 0.0650, 0.0904, 0.0285, 0.1271, 0.1030, 0.0686, 0.0613,
        0.0393, 0.0000, 0.0000, 0.0569, 0.0375, 0.0070, 0.0430, 0.0000, 0.1594,
        0.0484, 0.0000, 0.0594, 0.0179, 0.0000, 0.0000, 0.0542, 0.1149, 0.0000,
        0.0169, 0.0384, 0.0395, 0.0881, 0.0559, 0.0400, 0.0000, 0.0000, 0.0000,
        0.0000, 0.0461, 0.0000, 0.0000, 0.1151, 0.0228, 0.0000, 0.0000, 0.0000,
        0.0000, 0.0000, 0.0021, 0.0807, 0.0000, 0.0652, 0.0447, 0.0438, 0.0000,
        0.0000, 0.0000, 0.0000, 0.0000, 0.0301, 0.0857, 0.0000, 0.0757, 0.0343,
        0.0000, 0.0000, 0.0000, 0.0140, 0.0764, 0.0000, 0.0000, 0.0091, 0.0514,
        0.0000, 0.0091, 0.0539, 0.0000, 0.0835, 0.0263, 0.0750, 0.0166, 0.0000,
        0.1025, 0.0000, 0.0403, 0.0000, 0.0000, 0.0474, 0.0018, 0.0000, 0.0000,
        0.0934, 0.0000, 0.0000, 0.1056, 0.0186, 0.0858, 0.0548, 0.0000, 0.0000,
        0.0603, 0.0357, 0.0326, 0.0000, 0.0437, 0.0297, 0.0000, 0.0000, 0.0657,
        0.0973, 0.1786, 0.0000, 0.0000, 0.0561, 0.0231, 0.0142, 0.0564, 0.0614,
        0.0000, 0.0000, 0.0342, 0.0000, 0.0000, 0.0000, 0.0000, 0.0000, 0.1235,
        0.0118, 0.0348, 0.0955, 0.0000, 0.0000, 0.0000, 0.0541, 0.0614, 0.0000,
        0.0000, 0.0000, 0.0303, 0.0699, 0.0000, 0.0000, 0.0000, 0.0707, 0.0000,
        0.0990, 0.0838, 0.0000, 0.0000, 0.0000, 0.0148, 0.0000, 0.0000, 0.0545,
        0.0137, 0.0309, 0.1080, 0.0000, 0.0590, 0.0125, 0.0184, 0.0000, 0.0000,
        0.0000, 0.0000, 0.0000, 0.0000, 0.0812, 0.0000, 0.0000, 0.0000, 0.0286,
        0.0292, 0.0000, 0.0240, 0.1031, 0.0529, 0.0000, 0.0297, 0.0202, 0.0015,
        0.0000, 0.0000, 0.0000, 0.0000, 0.0926, 0.0155, 0.0000, 0.0000, 0.1423,
        0.0000, 0.0180, 0.0231, 0.0000, 0.0000, 0.1432, 0.0000, 0.0275, 0.0000,
        0.0467, 0.0139, 0.0000, 0.0000, 0.0535, 0.0148, 0.0000, 0.0455, 0.0000,
        0.0000, 0.1403, 0.0000, 0.0000, 0.0858, 0.0000, 0.0000, 0.0861, 0.0000,
        0.0264, 0.0000, 0.0326, 0.0979, 0.1026, 0.1308, 0.0000, 0.0219, 0.0000,
        0.1200, 0.0000, 0.0000, 0.0000, 0.0000, 0.0496, 0.0000, 0.0602, 0.0000,
        0.1003, 0.0171, 0.0000, 0.0000, 0.0000, 0.0722, 0.0000, 0.0000, 0.0000,
        0.0156, 0.0000, 0.0000, 0.0000], grad_fn=<UnbindBackward0>), tensor([0.0206, 0.0729, 0.0202, 0.0220, 0.0196, 0.0000, 0.0000, 0.0000, 0.0031,
        0.0505, 0.0000, 0.0720, 0.0979, 0.0096, 0.1079, 0.1289, 0.0409, 0.0538,
        0.0367, 0.0000, 0.0000, 0.0503, 0.0260, 0.0000, 0.0463, 0.0000, 0.1624,
        0.0259, 0.0000, 0.0514, 0.0268, 0.0000, 0.0000, 0.0797, 0.0869, 0.0000,
        0.0224, 0.0108, 0.0492, 0.0894, 0.0756, 0.0390, 0.0000, 0.0000, 0.0000,
        0.0000, 0.0434, 0.0281, 0.0000, 0.0857, 0.0657, 0.0000, 0.0162, 0.0000,
        0.0000, 0.0000, 0.0175, 0.0543, 0.0000, 0.0553, 0.0389, 0.0238, 0.0000,
        0.0000, 0.0000, 0.0043, 0.0000, 0.0340, 0.0587, 0.0000, 0.0098, 0.0586,
        0.0148, 0.0000, 0.0000, 0.0070, 0.0454, 0.0255, 0.0000, 0.0019, 0.0616,
        0.0000, 0.0000, 0.0315, 0.0000, 0.0954, 0.0000, 0.0806, 0.0399, 0.0000,
        0.1074, 0.0000, 0.0188, 0.0000, 0.0000, 0.0576, 0.0000, 0.0000, 0.0000,
        0.0899, 0.0000, 0.0000, 0.0894, 0.0188, 0.0646, 0.0782, 0.0000, 0.0000,
        0.0674, 0.0000, 0.0323, 0.0000, 0.0190, 0.0082, 0.0068, 0.0000, 0.0703,
        0.0992, 0.1449, 0.0045, 0.0000, 0.0621, 0.0112, 0.0000, 0.0604, 0.0458,
        0.0000, 0.0062, 0.0331, 0.0000, 0.0000, 0.0000, 0.0000, 0.0000, 0.1418,
        0.0000, 0.0356, 0.0686, 0.0000, 0.0000, 0.0000, 0.0411, 0.0876, 0.0000,
        0.0000, 0.0000, 0.0268, 0.0319, 0.0000, 0.0000, 0.0000, 0.0555, 0.0000,
        0.0840, 0.0441, 0.0000, 0.0000, 0.0000, 0.0304, 0.0000, 0.0000, 0.0422,
        0.0519, 0.0010, 0.1178, 0.0000, 0.0540, 0.0129, 0.0496, 0.0000, 0.0000,
        0.0000, 0.0000, 0.0000, 0.0000, 0.0696, 0.0000, 0.0208, 0.0000, 0.0143,
        0.0367, 0.0000, 0.0368, 0.0403, 0.0459, 0.0000, 0.0000, 0.0110, 0.0000,
        0.0000, 0.0000, 0.0000, 0.0000, 0.0736, 0.0151, 0.0000, 0.0000, 0.1132,
        0.0000, 0.0000, 0.0000, 0.0000, 0.0000, 0.1367, 0.0419, 0.0000, 0.0000,
        0.0958, 0.0036, 0.0000, 0.0000, 0.0081, 0.0141, 0.0000, 0.0601, 0.0000,
        0.0000, 0.1675, 0.0000, 0.0000, 0.0962, 0.0000, 0.0000, 0.0458, 0.0000,
        0.0536, 0.0000, 0.0265, 0.0533, 0.1057, 0.1468, 0.0000, 0.0836, 0.0000,
        0.1175, 0.0000, 0.0000, 0.0000, 0.0000, 0.0372, 0.0000, 0.0668, 0.0032,
        0.1059, 0.0844, 0.0000, 0.0181, 0.0000, 0.0552, 0.0000, 0.0000, 0.0000,
        0.0000, 0.0225, 0.0000, 0.0267], grad_fn=<UnbindBackward0>)], 5: [tensor([3.4265e-03, 0.0000e+00, 0.0000e+00, 0.0000e+00, 1.2068e-02, 1.0971e-01,
        8.2176e-02, 0.0000e+00, 3.5949e-02, 0.0000e+00, 0.0000e+00, 0.0000e+00,
        0.0000e+00, 0.0000e+00, 0.0000e+00, 1.4649e-02, 6.6489e-02, 0.0000e+00,
        7.5942e-05, 8.5540e-03, 0.0000e+00, 0.0000e+00, 0.0000e+00, 0.0000e+00,
        0.0000e+00, 0.0000e+00, 0.0000e+00, 0.0000e+00, 4.1259e-02, 0.0000e+00,
        3.4445e-02, 4.5252e-02, 0.0000e+00, 1.8586e-02, 1.0506e-02, 0.0000e+00,
        0.0000e+00, 1.7892e-02, 1.5834e-02, 5.2963e-02, 0.0000e+00, 2.5936e-02,
        1.2669e-03, 2.7658e-02, 1.3738e-02, 2.6927e-02, 8.4537e-02, 1.8243e-02,
        0.0000e+00, 0.0000e+00, 2.7527e-02, 1.5306e-02, 0.0000e+00, 0.0000e+00,
        6.9150e-02, 1.6931e-02, 2.7398e-02, 0.0000e+00, 0.0000e+00, 8.3553e-03,
        2.2909e-02, 0.0000e+00, 4.3324e-02, 4.4116e-03, 0.0000e+00, 0.0000e+00,
        1.9813e-02, 2.1285e-02, 0.0000e+00, 0.0000e+00, 0.0000e+00, 3.1015e-04,
        0.0000e+00, 4.2317e-02, 0.0000e+00, 0.0000e+00, 0.0000e+00, 3.0957e-02,
        0.0000e+00, 0.0000e+00, 5.1279e-02, 1.7647e-02, 2.1075e-02, 0.0000e+00,
        0.0000e+00, 9.6127e-03, 5.8831e-02, 0.0000e+00, 0.0000e+00, 7.2862e-02,
        0.0000e+00, 0.0000e+00, 3.4064e-02, 0.0000e+00, 4.7978e-03, 1.1614e-02,
        0.0000e+00, 2.1290e-02, 0.0000e+00, 8.1663e-02, 0.0000e+00, 0.0000e+00,
        8.7403e-03, 0.0000e+00, 0.0000e+00, 0.0000e+00, 2.6725e-03, 2.4925e-02,
        1.5785e-02, 0.0000e+00, 1.0329e-02, 0.0000e+00, 0.0000e+00, 8.3718e-03,
        2.2216e-02, 2.1300e-02, 0.0000e+00, 0.0000e+00, 2.9552e-02, 0.0000e+00,
        3.0569e-02, 7.1572e-02, 0.0000e+00, 1.5848e-02, 2.6216e-02, 0.0000e+00,
        0.0000e+00, 9.1135e-03], grad_fn=<UnbindBackward0>), tensor([0.0011, 0.0044, 0.0010, 0.0000, 0.0178, 0.0968, 0.0580, 0.0000, 0.0371,
        0.0000, 0.0000, 0.0000, 0.0079, 0.0000, 0.0000, 0.0112, 0.0762, 0.0000,
        0.0033, 0.0193, 0.0000, 0.0000, 0.0000, 0.0000, 0.0000, 0.0000, 0.0000,
        0.0000, 0.0585, 0.0000, 0.0460, 0.0499, 0.0000, 0.0207, 0.0101, 0.0000,
        0.0000, 0.0151, 0.0246, 0.0601, 0.0000, 0.0318, 0.0044, 0.0245, 0.0178,
        0.0328, 0.0810, 0.0115, 0.0000, 0.0000, 0.0189, 0.0208, 0.0000, 0.0000,
        0.0799, 0.0107, 0.0316, 0.0000, 0.0000, 0.0085, 0.0298, 0.0000, 0.0440,
        0.0000, 0.0000, 0.0000, 0.0115, 0.0148, 0.0000, 0.0000, 0.0000, 0.0218,
        0.0000, 0.0385, 0.0000, 0.0091, 0.0000, 0.0188, 0.0000, 0.0000, 0.0602,
        0.0104, 0.0252, 0.0000, 0.0000, 0.0146, 0.0625, 0.0013, 0.0000, 0.0645,
        0.0000, 0.0164, 0.0255, 0.0000, 0.0000, 0.0009, 0.0000, 0.0191, 0.0000,
        0.0621, 0.0000, 0.0000, 0.0000, 0.0021, 0.0000, 0.0000, 0.0058, 0.0125,
        0.0228, 0.0000, 0.0000, 0.0000, 0.0000, 0.0075, 0.0238, 0.0022, 0.0000,
        0.0000, 0.0305, 0.0000, 0.0297, 0.0611, 0.0078, 0.0093, 0.0356, 0.0000,
        0.0000, 0.0050], grad_fn=<UnbindBackward0>)], 6: [tensor([3.4265e-03, 0.0000e+00, 0.0000e+00, 0.0000e+00, 1.2068e-02, 1.0971e-01,
        8.2176e-02, 0.0000e+00, 3.5949e-02, 0.0000e+00, 0.0000e+00, 0.0000e+00,
        0.0000e+00, 0.0000e+00, 0.0000e+00, 1.4649e-02, 6.6489e-02, 0.0000e+00,
        7.5942e-05, 8.5540e-03, 0.0000e+00, 0.0000e+00, 0.0000e+00, 0.0000e+00,
        0.0000e+00, 0.0000e+00, 0.0000e+00, 0.0000e+00, 4.1259e-02, 0.0000e+00,
        3.4445e-02, 4.5252e-02, 0.0000e+00, 1.8586e-02, 1.0506e-02, 0.0000e+00,
        0.0000e+00, 1.7892e-02, 1.5834e-02, 5.2963e-02, 0.0000e+00, 2.5936e-02,
        1.2669e-03, 2.7658e-02, 1.3738e-02, 2.6927e-02, 8.4537e-02, 1.8243e-02,
        0.0000e+00, 0.0000e+00, 2.7527e-02, 1.5306e-02, 0.0000e+00, 0.0000e+00,
        6.9150e-02, 1.6931e-02, 2.7398e-02, 0.0000e+00, 0.0000e+00, 8.3553e-03,
        2.2909e-02, 0.0000e+00, 4.3324e-02, 4.4116e-03, 0.0000e+00, 0.0000e+00,
        1.9813e-02, 2.1285e-02, 0.0000e+00, 0.0000e+00, 0.0000e+00, 3.1015e-04,
        0.0000e+00, 4.2317e-02, 0.0000e+00, 0.0000e+00, 0.0000e+00, 3.0957e-02,
        0.0000e+00, 0.0000e+00, 5.1279e-02, 1.7647e-02, 2.1075e-02, 0.0000e+00,
        0.0000e+00, 9.6127e-03, 5.8831e-02, 0.0000e+00, 0.0000e+00, 7.2862e-02,
        0.0000e+00, 0.0000e+00, 3.4064e-02, 0.0000e+00, 4.7978e-03, 1.1614e-02,
        0.0000e+00, 2.1290e-02, 0.0000e+00, 8.1663e-02, 0.0000e+00, 0.0000e+00,
        8.7403e-03, 0.0000e+00, 0.0000e+00, 0.0000e+00, 2.6725e-03, 2.4925e-02,
        1.5785e-02, 0.0000e+00, 1.0329e-02, 0.0000e+00, 0.0000e+00, 8.3718e-03,
        2.2216e-02, 2.1300e-02, 0.0000e+00, 0.0000e+00, 2.9552e-02, 0.0000e+00,
        3.0569e-02, 7.1572e-02, 0.0000e+00, 1.5848e-02, 2.6216e-02, 0.0000e+00,
        0.0000e+00, 9.1135e-03], grad_fn=<UnbindBackward0>), tensor([0.0011, 0.0044, 0.0010, 0.0000, 0.0178, 0.0968, 0.0580, 0.0000, 0.0371,
        0.0000, 0.0000, 0.0000, 0.0079, 0.0000, 0.0000, 0.0112, 0.0762, 0.0000,
        0.0033, 0.0193, 0.0000, 0.0000, 0.0000, 0.0000, 0.0000, 0.0000, 0.0000,
        0.0000, 0.0585, 0.0000, 0.0460, 0.0499, 0.0000, 0.0207, 0.0101, 0.0000,
        0.0000, 0.0151, 0.0246, 0.0601, 0.0000, 0.0318, 0.0044, 0.0245, 0.0178,
        0.0328, 0.0810, 0.0115, 0.0000, 0.0000, 0.0189, 0.0208, 0.0000, 0.0000,
        0.0799, 0.0107, 0.0316, 0.0000, 0.0000, 0.0085, 0.0298, 0.0000, 0.0440,
        0.0000, 0.0000, 0.0000, 0.0115, 0.0148, 0.0000, 0.0000, 0.0000, 0.0218,
        0.0000, 0.0385, 0.0000, 0.0091, 0.0000, 0.0188, 0.0000, 0.0000, 0.0602,
        0.0104, 0.0252, 0.0000, 0.0000, 0.0146, 0.0625, 0.0013, 0.0000, 0.0645,
        0.0000, 0.0164, 0.0255, 0.0000, 0.0000, 0.0009, 0.0000, 0.0191, 0.0000,
        0.0621, 0.0000, 0.0000, 0.0000, 0.0021, 0.0000, 0.0000, 0.0058, 0.0125,
        0.0228, 0.0000, 0.0000, 0.0000, 0.0000, 0.0075, 0.0238, 0.0022, 0.0000,
        0.0000, 0.0305, 0.0000, 0.0297, 0.0611, 0.0078, 0.0093, 0.0356, 0.0000,
        0.0000, 0.0050], grad_fn=<UnbindBackward0>)]}
The desired output is:
{1: [2, 6, 14, 14], 2: [2, 16, 5, 5], 3: [2, 400], 4: [2, 256], 5: [2, 128], 6: [2, 100]}

2. Part 2: Calculating the model parameters Exception: too many values to unpack (expected 2)
3. Part 3: Training under different configurations 
Score for Part 3 is 35

Your output is:
[17.47, 17.81, 18.89, 5.25, 13.76, 19.5, 14.89]
The desired output (bigger or less than this one within 1% range is acceptable) is:
[17.08, 18.38, 18.2, 3.55, 14.45, 19.46, 13.85]

Total: 35/100